[(0.0 17.811388 9999.0 7.3851647 33.405125 38.0 9999.0 48.16815 27.985573 59.508926 65.37506 38.345562 17.0 9999.0 9999.0 51.04536 8.0 42.07805 34.38827 34.314857 40.780514 9999.0 27.5 52.165527 9999.0 42.814857 21.646883 9999.0) (17.811388 0.0 9999.0 19.0 19.534828 23.587032 9999.0 34.29786 12.5 45.63863 51.504765 23.0 7.0 9999.0 9999.0 36.632393 12.29563 27.12469 19.0 21.474342 26.910217 9999.0 13.6297035 37.752556 9999.0 29.974342 6.0 9999.0) (9999.0 9999.0 0.0 9999.0 9999.0 9999.0 25.135471 9999.0 9999.0 9999.0 9999.0 9999.0 9999.0 23.0 14.0 9999.0 9999.0 9999.0 9999.0 9999.0 9999.0 9999.0 9999.0 9999.0 19.246212 9999.0 9999.0 9.0) (7.3851647 19.0 9999.0 0.0 35.855972 40.327538 9999.0 50.619003 29.5 61.959778 67.82591 40.0 19.720045 9999.0 9999.0 53.3729 11.433981 44.07434 36.0 37.302265 43.23136 9999.0 29.95085 54.493065 9999.0 45.802265 23.0 9999.0) (33.405125 19.534828 9999.0 35.855972 0.0 18.405125 9999.0 17.5 12.905125 28.84077 34.70691 19.534828 18.405125 9999.0 9999.0 31.450485 27.405125 22.619064 16.105736 15.810819 10.0 9999.0 5.9051247 32.57065 9999.0 24.310818 16.105736 9999.0) (38.0 23.587032 9999.0 40.327538 18.405125 0.0 9999.0 33.16815 13.6297035 44.508926 50.37506 7.0 23.0 9999.0 9999.0 13.045361 32.0 6.7169905 8.403124 8.020798 25.780514 9999.0 12.5 14.165525 9999.0 16.520798 19.720045 9999.0) (9999.0 9999.0 25.135471 9999.0 9999.0 9999.0 0.0 9999.0 9999.0 9999.0 9999.0 9999.0 9999.0 5.201562 13.280514 9999.0 9999.0 9999.0 9999.0 9999.0 9999.0 9999.0 9999.0 9999.0 28.440346 9999.0 9999.0 18.194136) (48.16815 34.29786 9999.0 50.619003 17.5 33.16815 9999.0 0.0 27.668154 11.340771 17.206907 34.29786 33.16815 9999.0 9999.0 46.213516 42.16815 37.382095 30.868763 30.573849 9.5 9999.0 20.668154 47.33368 9999.0 39.073845 30.868763 9999.0) (27.985573 12.5 9999.0 29.5 12.905125 13.6297035 9999.0 27.668154 0.0 39.008926 44.87506 12.5 13.6297035 9999.0 9999.0 26.675064 22.130821 16.71394 8.5 13.510864 20.280514 9999.0 7.0 27.795229 9999.0 22.010864 8.5 9999.0) (59.508926 45.63863 9999.0 61.959778 28.84077 44.508926 9999.0 11.340771 39.008926 0.0 8.0 45.63863 44.508926 9999.0 9999.0 57.554287 53.508926 48.722866 42.209538 41.91462 20.84077 9999.0 32.008926 58.674454 9999.0 50.41462 42.209538 9999.0) (65.37506 51.504765 9999.0 67.82591 34.70691 50.37506 9999.0 17.206907 44.87506 8.0 0.0 51.504765 50.37506 9999.0 9999.0 63.42042 59.37506 54.589 48.075672 47.780754 26.706907 9999.0 37.87506 64.54059 9999.0 56.280754 48.075672 9999.0) (38.345562 23.0 9999.0 40.0 19.534828 7.0 9999.0 34.29786 12.5 45.63863 51.504765 0.0 23.587032 9999.0 9999.0 20.04536 32.413815 6.7169905 6.0 12.307764 26.910217 9999.0 13.6297035 21.165525 9999.0 20.807764 19.0 9999.0) (17.0 7.0 9999.0 19.720045 18.405125 23.0 9999.0 33.16815 13.6297035 44.508926 50.37506 23.587032 0.0 9999.0 9999.0 36.04536 11.0 27.12469 19.720045 19.585505 25.780514 9999.0 12.5 37.165527 9999.0 28.085505 8.403124 9999.0) (9999.0 9999.0 23.0 9999.0 9999.0 9999.0 5.201562 9999.0 9999.0 9999.0 9999.0 9999.0 9999.0 0.0 11.0 9999.0 9999.0 9999.0 9999.0 9999.0 9999.0 9999.0 9999.0 9999.0 26.246212 9999.0 9999.0 16.0) (9999.0 9999.0 14.0 9999.0 9999.0 9999.0 13.280514 9999.0 9999.0 9999.0 9999.0 9999.0 9999.0 11.0 0.0 9999.0 9999.0 9999.0 9999.0 9999.0 9999.0 9999.0 9999.0 9999.0 17.246212 9999.0 9999.0 7.0) (51.04536 36.632393 9999.0 53.3729 31.450485 13.045361 9999.0 46.213516 26.675064 57.554287 63.42042 20.04536 36.04536 9999.0 9999.0 0.0 45.04536 19.762352 21.448484 21.066158 38.825874 9999.0 25.54536 3.4142137 9999.0 29.566158 32.765404 9999.0) (8.0 12.29563 9999.0 11.433981 27.405125 32.0 9999.0 42.16815 22.130821 53.508926 59.37506 32.413815 11.0 9999.0 9999.0 45.04536 0.0 36.09179 28.476404 28.386549 34.780514 9999.0 21.5 46.165527 9999.0 36.88655 15.928389 9999.0) (42.07805 27.12469 9999.0 44.07434 22.619064 6.7169905 9999.0 37.382095 16.71394 48.722866 54.589 6.7169905 27.12469 9999.0 9999.0 19.762352 36.09179 0.0 10.381527 12.630146 29.994453 9999.0 16.71394 20.882515 9999.0 21.130146 23.148287 9999.0) (34.38827 19.0 9999.0 36.0 16.105736 8.403124 9999.0 30.868763 8.5 42.209538 48.075672 6.0 19.720045 9999.0 9999.0 21.448484 28.476404 10.381527 0.0 11.5 23.481125 9999.0 10.20061 22.56865 9999.0 20.0 15.0 9999.0) (34.314857 21.474342 9999.0 37.302265 15.810819 8.020798 9999.0 30.573849 13.510864 41.91462 47.780754 12.307764 19.585505 9999.0 9999.0 21.066158 28.386549 12.630146 11.5 0.0 23.186207 9999.0 9.905694 22.186323 9999.0 8.5 18.101242 9999.0) (40.780514 26.910217 9999.0 43.23136 10.0 25.780514 9999.0 9.5 20.280514 20.84077 26.706907 26.910217 25.780514 9999.0 9999.0 38.825874 34.780514 29.994453 23.481125 23.186207 0.0 9999.0 13.280514 39.946037 9999.0 31.686207 23.481125 9999.0) (9999.0 9999.0 9999.0 9999.0 9999.0 9999.0 9999.0 9999.0 9999.0 9999.0 9999.0 9999.0 9999.0 9999.0 9999.0 9999.0 9999.0 9999.0 9999.0 9999.0 9999.0 0.0 9999.0 9999.0 9999.0 9999.0 9999.0 9999.0) (27.5 13.6297035 9999.0 29.95085 5.9051247 12.5 9999.0 20.668154 7.0 32.008926 37.87506 13.6297035 12.5 9999.0 9999.0 25.54536 21.5 16.71394 10.20061 9.905694 13.280514 9999.0 0.0 26.665525 9999.0 18.405693 10.20061 9999.0) (52.165527 37.752556 9999.0 54.493065 32.57065 14.165525 9999.0 47.33368 27.795229 58.674454 64.54059 21.165525 37.165527 9999.0 9999.0 3.4142137 46.165527 20.882515 22.56865 22.186323 39.946037 9999.0 26.665525 0.0 9999.0 30.686323 33.88557 9999.0) (9999.0 9999.0 19.246212 9999.0 9999.0 9999.0 28.440346 9999.0 9999.0 9999.0 9999.0 9999.0 9999.0 26.246212 17.246212 9999.0 9999.0 9999.0 9999.0 9999.0 9999.0 9999.0 9999.0 9999.0 0.0 9999.0 9999.0 10.246211) (42.814857 29.974342 9999.0 45.802265 24.310818 16.520798 9999.0 39.073845 22.010864 50.41462 56.280754 20.807764 28.085505 9999.0 9999.0 29.566158 36.88655 21.130146 20.0 8.5 31.686207 9999.0 18.405693 30.686323 9999.0 0.0 26.601242 9999.0) (21.646883 6.0 9999.0 23.0 16.105736 19.720045 9999.0 30.868763 8.5 42.209538 48.075672 19.0 8.403124 9999.0 9999.0 32.765404 15.928389 23.148287 15.0 18.101242 23.481125 9999.0 10.20061 33.88557 9999.0 26.601242 0.0 9999.0) (9999.0 9999.0 9.0 9999.0 9999.0 9999.0 18.194136 9999.0 9999.0 9999.0 9999.0 9999.0 9999.0 16.0 7.0 9999.0 9999.0 9999.0 9999.0 9999.0 9999.0 9999.0 9999.0 9999.0 10.246211 9999.0 9999.0 0.0)]